1 7 180768 214834
1 7 374883 465834
1 7 504851 596310
1 7 624846 645457
1 7 659370 693460
1 7 729246 767272
1 7 864973 915771
1 7 988027 1009271
1 7 1010869 1038825
1 7 1038877 1061529
1 7 1061576 1107319
1 7 1108125 1136177
2 5 186831 211896
2 5 217976 247120
2 5 252985 329163
2 7 476480 499908
2 5 763724 812738
2 5 855358 877421
2 5 877747 908196
2 5 921273 978075
2 5 1007747 1084597
3 5 137492 162224
3 4 227366 247895
3 4 348225 388917
3 4 471768 506643
3 4 662983 687289
3 2 917566 969503
4 4 19591 114990
4 4 116806 142769
4 7 235594 257403
4 7 267434 290598
4 7 293471 374626
4 2 446199 516024
4 2 628039 672272
4 2 785613 807967
4 7 938555 970814
4 2 1189770 1210032
5 5 8204 65673
5 4 275473 312585
5 5 322728 376876
5 5 378397 420568
5 5 472762 503409
5 5 504543 594869
5 5 608037 653725
5 5 653737 696958
5 5 697039 725373
5 5 977019 1008419
5 4 1034140 1059639
5 5 1133744 1154027
5 5 1155434 1208542
