5 1 1 35259
4 2 4546 63299
7 2 308196 420366
7 2 444654 605881
7 2 606051 661677
7 2 718063 761589
4 3 160128 180328
4 3 180483 201422
4 3 209843 252010
4 3 252732 287640
5 4 120323 159168
5 4 159248 187100
5 4 195461 247780
5 4 261853 282394
5 4 291742 470629
5 4 470644 528553
5 4 529352 585595
4 4 585596 623615
5 4 654842 692120
5 4 712569 792112
5 4 792126 859288
5 4 859309 895591
5 5 8005 29560
5 5 29782 52874
5 5 53051 99670
5 5 100256 126992
4 5 393315 425449
4 5 442611 488150
4 5 500346 573591
5 5 583404 615034
5 5 683508 720752
4 5 736673 786801
4 5 810542 857350
4 5 857450 891213