1 2 269737 297664
1 2 297705 319824
1 2 329834 374015
1 2 400048 441595
1 2 452406 480764
1 4 587935 613258
1 4 626948 651268
1 4 719147 739666
1 7 765600 807281
2 5 27555 62984
2 5 77545 99756
2 4 133773 155335
2 5 249485 314652
2 7 395214 509100
2 7 521564 571257
2 7 600334 645356
2 7 647104 675823
4 5 60665 85273
4 5 85345 134070
4 5 134140 260291
4 4 317955 363506
4 5 363507 442953
4 5 585852 739622
4 4 739623 763469
4 4 875820 896025
5 4 77740 100483
5 7 321745 372617
5 2 605305 630914
5 2 675457 707598
5 2 708216 756909
5 2 765688 845881
5 2 846396 875864