1 5 1 35259
2 4 4546 63299
2 7 308196 420366
2 7 444654 605881
2 7 606051 661677
2 7 718063 761589
3 4 160128 180328
3 4 180483 201422
3 4 209843 252010
3 4 252732 287640
4 5 120323 159168
4 5 159248 187100
4 5 195461 247780
4 5 261853 282394
4 5 291742 470629
4 5 470644 528553
4 5 529352 585595
4 4 585596 623615
4 5 654842 692120
4 5 712569 792112
4 5 792126 859288
4 5 859309 895591
5 5 8005 29560
5 5 29782 52874
5 5 53051 99670
5 5 100256 126992
5 4 393315 425449
5 4 442611 488150
5 4 500346 573591
5 5 583404 615034
5 5 683508 720752
5 4 736673 786801
5 4 810542 857350
5 4 857450 891213