1 4 17894 41494
1 4 53407 75320
1 4 110405 135414
1 4 135496 157100
1 4 235024 263971
1 5 281956 371093
1 4 467206 487721
1 4 575929 595937
1 4 616985 669629
1 4 680147 704823
1 4 794674 821279
1 4 825995 881930
2 5 1 149968
2 5 150530 201035
2 4 222349 248849
2 5 253292 371655
2 4 491939 527616
2 7 536553 630086
2 5 697681 778166
2 5 778179 867910
2 5 870232 896937
4 5 1 28498
4 5 28577 193321
4 5 194712 380498
4 4 411529 435505
4 4 514673 542189
4 4 557049 594700
4 4 608717 628874
4 4 669934 690239
5 5 1 97287
5 5 97321 199346
5 4 237791 262413
5 4 303175 327358
5 4 346620 367125
5 5 429049 536683
5 5 536724 578438
5 5 585659 625000