1 5 200000 428000
1 0 441000 452000
1 4 463000 600000
1 5 662000 1826000
1 4 1838000 1874700
1 5 1882000 2038000
1 4 2047000 2084200
1 5 2092600 2161900
1 4 2168000 2174000
1 5 2179900 2245600
2 5 10000 225000
2 4 250000 400000
2 5 470000 627000
2 4 664000 1186000
2 4 1315000 1821000
2 4 1900000 2000000
3 4 100000 200000
3 7 204000 215900
3 2 220000 295000
3 2 315000 390000
3 2 716900 881600
3 3 900400 965500
3 3 998600 1052000
3 3 1070000 1242300
3 7 1258000 1365500
3 8 1431000 1569000
4 4 0 80000
4 7 246000 256000
4 3 290000 421000
4 2 560000 700000
4 7 814000 832500