1.3783475881376117  0.6922763024982785
1.3783475881376117  0.7922763024982786
1.3783475881376117  0.8922763024982786
1.3783475881376117  0.9922763024982786
1.3783475881376117  1.0922763024982787
1.3783475881376117  1.1922763024982785
1.3783475881376117  1.2922763024982786
1.3783475881376117  1.3922763024982787
1.3783475881376117  1.4922763024982788
1.3783475881376117  1.5922763024982787
1.3783475881376117  1.6922763024982785
1.3783475881376117  1.7922763024982786
1.3783475881376117  1.8922763024982787
1.3783475881376117  1.9922763024982788
1.3783475881376117  2.092276302498279
1.3783475881376117  2.1922763024982785
1.3783475881376117  2.2922763024982786
1.3783475881376117  2.3922763024982787
1.3783475881376117  2.492276302498279
1.4783475881376118  0.6922763024982785
1.4783475881376118  0.7922763024982786
1.4783475881376118  0.8922763024982786
1.4783475881376118  0.9922763024982786
1.4783475881376118  1.0922763024982787
1.4783475881376118  1.1922763024982785
1.4783475881376118  1.2922763024982786
1.4783475881376118  1.3922763024982787
1.4783475881376118  1.4922763024982788
1.4783475881376118  1.5922763024982787
1.4783475881376118  1.6922763024982785
1.4783475881376118  1.7922763024982786
1.4783475881376118  1.8922763024982787
1.4783475881376118  1.9922763024982788
1.4783475881376118  2.092276302498279
1.4783475881376118  2.1922763024982785
1.4783475881376118  2.2922763024982786
1.4783475881376118  2.3922763024982787
1.4783475881376118  2.492276302498279
1.5783475881376117  0.6922763024982785
1.5783475881376117  0.7922763024982786
1.5783475881376117  0.8922763024982786
1.5783475881376117  0.9922763024982786
1.5783475881376117  1.0922763024982787
1.5783475881376117  1.1922763024982785
1.5783475881376117  1.2922763024982786
1.5783475881376117  1.3922763024982787
1.5783475881376117  1.4922763024982788
1.5783475881376117  1.5922763024982787
1.5783475881376117  1.6922763024982785
1.5783475881376117  1.7922763024982786
1.5783475881376117  1.8922763024982787
1.5783475881376117  1.9922763024982788
1.5783475881376117  2.092276302498279
1.5783475881376117  2.1922763024982785
1.5783475881376117  2.2922763024982786
1.5783475881376117  2.3922763024982787
1.5783475881376117  2.492276302498279
1.6783475881376115  0.6922763024982785
1.6783475881376115  0.7922763024982786
1.6783475881376115  0.8922763024982786
1.6783475881376115  0.9922763024982786
1.6783475881376115  1.0922763024982787
1.6783475881376115  1.1922763024982785
1.6783475881376115  1.2922763024982786
1.6783475881376115  1.3922763024982787
1.6783475881376115  1.4922763024982788
1.6783475881376115  1.5922763024982787
1.6783475881376115  1.6922763024982785
1.6783475881376115  1.7922763024982786
1.6783475881376115  1.8922763024982787
1.6783475881376115  1.9922763024982788
1.6783475881376115  2.092276302498279
1.6783475881376115  2.1922763024982785
1.6783475881376115  2.2922763024982786
1.6783475881376115  2.3922763024982787
1.6783475881376115  2.492276302498279
1.7783475881376116  0.6922763024982785
1.7783475881376116  0.7922763024982786
1.7783475881376116  0.8922763024982786
1.7783475881376116  0.9922763024982786
1.7783475881376116  1.0922763024982787
1.7783475881376116  1.1922763024982785
1.7783475881376116  1.2922763024982786
1.7783475881376116  1.3922763024982787
1.7783475881376116  1.4922763024982788
1.7783475881376116  1.5922763024982787
1.7783475881376116  1.6922763024982785
1.7783475881376116  1.7922763024982786
1.7783475881376116  1.8922763024982787
1.7783475881376116  1.9922763024982788
1.7783475881376116  2.092276302498279
1.7783475881376116  2.1922763024982785
1.7783475881376116  2.2922763024982786
1.7783475881376116  2.3922763024982787
1.7783475881376116  2.492276302498279
1.8783475881376117  0.6922763024982785
1.8783475881376117  0.7922763024982786
1.8783475881376117  0.8922763024982786
1.8783475881376117  0.9922763024982786
1.8783475881376117  1.0922763024982787
1.8783475881376117  1.1922763024982785
1.8783475881376117  1.2922763024982786
1.8783475881376117  1.3922763024982787
1.8783475881376117  1.4922763024982788
1.8783475881376117  1.5922763024982787
1.8783475881376117  1.6922763024982785
1.8783475881376117  1.7922763024982786
1.8783475881376117  1.8922763024982787
1.8783475881376117  1.9922763024982788
1.8783475881376117  2.092276302498279
1.8783475881376117  2.1922763024982785
1.8783475881376117  2.2922763024982786
1.8783475881376117  2.3922763024982787
1.8783475881376117  2.492276302498279
1.9783475881376118  0.6922763024982785
1.9783475881376118  0.7922763024982786
1.9783475881376118  0.8922763024982786
1.9783475881376118  0.9922763024982786
1.9783475881376118  1.0922763024982787
1.9783475881376118  1.1922763024982785
1.9783475881376118  1.2922763024982786
1.9783475881376118  1.3922763024982787
1.9783475881376118  1.4922763024982788
1.9783475881376118  1.5922763024982787
1.9783475881376118  1.6922763024982785
1.9783475881376118  1.7922763024982786
1.9783475881376118  1.8922763024982787
1.9783475881376118  1.9922763024982788
1.9783475881376118  2.092276302498279
1.9783475881376118  2.1922763024982785
1.9783475881376118  2.2922763024982786
1.9783475881376118  2.3922763024982787
1.9783475881376118  2.492276302498279
2.0783475881376114  0.6922763024982785
2.0783475881376114  0.7922763024982786
2.0783475881376114  0.8922763024982786
2.0783475881376114  0.9922763024982786
2.0783475881376114  1.0922763024982787
2.0783475881376114  1.1922763024982785
2.0783475881376114  1.2922763024982786
2.0783475881376114  1.3922763024982787
2.0783475881376114  1.4922763024982788
2.0783475881376114  1.5922763024982787
2.0783475881376114  1.6922763024982785
2.0783475881376114  1.7922763024982786
2.0783475881376114  1.8922763024982787
2.0783475881376114  1.9922763024982788
2.0783475881376114  2.092276302498279
2.0783475881376114  2.1922763024982785
2.0783475881376114  2.2922763024982786
2.0783475881376114  2.3922763024982787
2.0783475881376114  2.492276302498279
2.1783475881376115  0.6922763024982785
2.1783475881376115  0.7922763024982786
2.1783475881376115  0.8922763024982786
2.1783475881376115  0.9922763024982786
2.1783475881376115  1.0922763024982787
2.1783475881376115  1.1922763024982785
2.1783475881376115  1.2922763024982786
2.1783475881376115  1.3922763024982787
2.1783475881376115  1.4922763024982788
2.1783475881376115  1.5922763024982787
2.1783475881376115  1.6922763024982785
2.1783475881376115  1.7922763024982786
2.1783475881376115  1.8922763024982787
2.1783475881376115  1.9922763024982788
2.1783475881376115  2.092276302498279
2.1783475881376115  2.1922763024982785
2.1783475881376115  2.2922763024982786
2.1783475881376115  2.3922763024982787
2.1783475881376115  2.492276302498279
2.2783475881376116  0.6922763024982785
2.2783475881376116  0.7922763024982786
2.2783475881376116  0.8922763024982786
2.2783475881376116  0.9922763024982786
2.2783475881376116  1.0922763024982787
2.2783475881376116  1.1922763024982785
2.2783475881376116  1.2922763024982786
2.2783475881376116  1.3922763024982787
2.2783475881376116  1.4922763024982788
2.2783475881376116  1.5922763024982787
2.2783475881376116  1.6922763024982785
2.2783475881376116  1.7922763024982786
2.2783475881376116  1.8922763024982787
2.2783475881376116  1.9922763024982788
2.2783475881376116  2.092276302498279
2.2783475881376116  2.1922763024982785
2.2783475881376116  2.2922763024982786
2.2783475881376116  2.3922763024982787
2.2783475881376116  2.492276302498279
2.3783475881376117  0.6922763024982785
2.3783475881376117  0.7922763024982786
2.3783475881376117  0.8922763024982786
2.3783475881376117  0.9922763024982786
2.3783475881376117  1.0922763024982787
2.3783475881376117  1.1922763024982785
2.3783475881376117  1.2922763024982786
2.3783475881376117  1.3922763024982787
2.3783475881376117  1.4922763024982788
2.3783475881376117  1.5922763024982787
2.3783475881376117  1.6922763024982785
2.3783475881376117  1.7922763024982786
2.3783475881376117  1.8922763024982787
2.3783475881376117  1.9922763024982788
2.3783475881376117  2.092276302498279
2.3783475881376117  2.1922763024982785
2.3783475881376117  2.2922763024982786
2.3783475881376117  2.3922763024982787
2.3783475881376117  2.492276302498279
2.478347588137612  0.6922763024982785
2.478347588137612  0.7922763024982786
2.478347588137612  0.8922763024982786
2.478347588137612  0.9922763024982786
2.478347588137612  1.0922763024982787
2.478347588137612  1.1922763024982785
2.478347588137612  1.2922763024982786
2.478347588137612  1.3922763024982787
2.478347588137612  1.4922763024982788
2.478347588137612  1.5922763024982787
2.478347588137612  1.6922763024982785
2.478347588137612  1.7922763024982786
2.478347588137612  1.8922763024982787
2.478347588137612  1.9922763024982788
2.478347588137612  2.092276302498279
2.478347588137612  2.1922763024982785
2.478347588137612  2.2922763024982786
2.478347588137612  2.3922763024982787
2.478347588137612  2.492276302498279
2.578347588137612  0.6922763024982785
2.578347588137612  0.7922763024982786
2.578347588137612  0.8922763024982786
2.578347588137612  0.9922763024982786
2.578347588137612  1.0922763024982787
2.578347588137612  1.1922763024982785
2.578347588137612  1.2922763024982786
2.578347588137612  1.3922763024982787
2.578347588137612  1.4922763024982788
2.578347588137612  1.5922763024982787
2.578347588137612  1.6922763024982785
2.578347588137612  1.7922763024982786
2.578347588137612  1.8922763024982787
2.578347588137612  1.9922763024982788
2.578347588137612  2.092276302498279
2.578347588137612  2.1922763024982785
2.578347588137612  2.2922763024982786
2.578347588137612  2.3922763024982787
2.578347588137612  2.492276302498279
2.678347588137612  0.6922763024982785
2.678347588137612  0.7922763024982786
2.678347588137612  0.8922763024982786
2.678347588137612  0.9922763024982786
2.678347588137612  1.0922763024982787
2.678347588137612  1.1922763024982785
2.678347588137612  1.2922763024982786
2.678347588137612  1.3922763024982787
2.678347588137612  1.4922763024982788
2.678347588137612  1.5922763024982787
2.678347588137612  1.6922763024982785
2.678347588137612  1.7922763024982786
2.678347588137612  1.8922763024982787
2.678347588137612  1.9922763024982788
2.678347588137612  2.092276302498279
2.678347588137612  2.1922763024982785
2.678347588137612  2.2922763024982786
2.678347588137612  2.3922763024982787
2.678347588137612  2.492276302498279
2.7783475881376116  0.6922763024982785
2.7783475881376116  0.7922763024982786
2.7783475881376116  0.8922763024982786
2.7783475881376116  0.9922763024982786
2.7783475881376116  1.0922763024982787
2.7783475881376116  1.1922763024982785
2.7783475881376116  1.2922763024982786
2.7783475881376116  1.3922763024982787
2.7783475881376116  1.4922763024982788
2.7783475881376116  1.5922763024982787
2.7783475881376116  1.6922763024982785
2.7783475881376116  1.7922763024982786
2.7783475881376116  1.8922763024982787
2.7783475881376116  1.9922763024982788
2.7783475881376116  2.092276302498279
2.7783475881376116  2.1922763024982785
2.7783475881376116  2.2922763024982786
2.7783475881376116  2.3922763024982787
2.7783475881376116  2.492276302498279
2.8783475881376117  0.6922763024982785
2.8783475881376117  0.7922763024982786
2.8783475881376117  0.8922763024982786
2.8783475881376117  0.9922763024982786
2.8783475881376117  1.0922763024982787
2.8783475881376117  1.1922763024982785
2.8783475881376117  1.2922763024982786
2.8783475881376117  1.3922763024982787
2.8783475881376117  1.4922763024982788
2.8783475881376117  1.5922763024982787
2.8783475881376117  1.6922763024982785
2.8783475881376117  1.7922763024982786
2.8783475881376117  1.8922763024982787
2.8783475881376117  1.9922763024982788
2.8783475881376117  2.092276302498279
2.8783475881376117  2.1922763024982785
2.8783475881376117  2.2922763024982786
2.8783475881376117  2.3922763024982787
2.8783475881376117  2.492276302498279
2.978347588137612  0.6922763024982785
2.978347588137612  0.7922763024982786
2.978347588137612  0.8922763024982786
2.978347588137612  0.9922763024982786
2.978347588137612  1.0922763024982787
2.978347588137612  1.1922763024982785
2.978347588137612  1.2922763024982786
2.978347588137612  1.3922763024982787
2.978347588137612  1.4922763024982788
2.978347588137612  1.5922763024982787
2.978347588137612  1.6922763024982785
2.978347588137612  1.7922763024982786
2.978347588137612  1.8922763024982787
2.978347588137612  1.9922763024982788
2.978347588137612  2.092276302498279
2.978347588137612  2.1922763024982785
2.978347588137612  2.2922763024982786
2.978347588137612  2.3922763024982787
2.978347588137612  2.492276302498279
3.078347588137612  0.6922763024982785
3.078347588137612  0.7922763024982786
3.078347588137612  0.8922763024982786
3.078347588137612  0.9922763024982786
3.078347588137612  1.0922763024982787
3.078347588137612  1.1922763024982785
3.078347588137612  1.2922763024982786
3.078347588137612  1.3922763024982787
3.078347588137612  1.4922763024982788
3.078347588137612  1.5922763024982787
3.078347588137612  1.6922763024982785
3.078347588137612  1.7922763024982786
3.078347588137612  1.8922763024982787
3.078347588137612  1.9922763024982788
3.078347588137612  2.092276302498279
3.078347588137612  2.1922763024982785
3.078347588137612  2.2922763024982786
3.078347588137612  2.3922763024982787
3.078347588137612  2.492276302498279
3.178347588137612  0.6922763024982785
3.178347588137612  0.7922763024982786
3.178347588137612  0.8922763024982786
3.178347588137612  0.9922763024982786
3.178347588137612  1.0922763024982787
3.178347588137612  1.1922763024982785
3.178347588137612  1.2922763024982786
3.178347588137612  1.3922763024982787
3.178347588137612  1.4922763024982788
3.178347588137612  1.5922763024982787
3.178347588137612  1.6922763024982785
3.178347588137612  1.7922763024982786
3.178347588137612  1.8922763024982787
3.178347588137612  1.9922763024982788
3.178347588137612  2.092276302498279
3.178347588137612  2.1922763024982785
3.178347588137612  2.2922763024982786
3.178347588137612  2.3922763024982787
3.178347588137612  2.492276302498279
3.2783475881376116  0.6922763024982785
3.2783475881376116  0.7922763024982786
3.2783475881376116  0.8922763024982786
3.2783475881376116  0.9922763024982786
3.2783475881376116  1.0922763024982787
3.2783475881376116  1.1922763024982785
3.2783475881376116  1.2922763024982786
3.2783475881376116  1.3922763024982787
3.2783475881376116  1.4922763024982788
3.2783475881376116  1.5922763024982787
3.2783475881376116  1.6922763024982785
3.2783475881376116  1.7922763024982786
3.2783475881376116  1.8922763024982787
3.2783475881376116  1.9922763024982788
3.2783475881376116  2.092276302498279
3.2783475881376116  2.1922763024982785
3.2783475881376116  2.2922763024982786
3.2783475881376116  2.3922763024982787
3.2783475881376116  2.492276302498279
3.3783475881376117  0.6922763024982785
3.3783475881376117  0.7922763024982786
3.3783475881376117  0.8922763024982786
3.3783475881376117  0.9922763024982786
3.3783475881376117  1.0922763024982787
3.3783475881376117  1.1922763024982785
3.3783475881376117  1.2922763024982786
3.3783475881376117  1.3922763024982787
3.3783475881376117  1.4922763024982788
3.3783475881376117  1.5922763024982787
3.3783475881376117  1.6922763024982785
3.3783475881376117  1.7922763024982786
3.3783475881376117  1.8922763024982787
3.3783475881376117  1.9922763024982788
3.3783475881376117  2.092276302498279
3.3783475881376117  2.1922763024982785
3.3783475881376117  2.2922763024982786
3.3783475881376117  2.3922763024982787
3.3783475881376117  2.492276302498279
3.478347588137612  0.6922763024982785
3.478347588137612  0.7922763024982786
3.478347588137612  0.8922763024982786
3.478347588137612  0.9922763024982786
3.478347588137612  1.0922763024982787
3.478347588137612  1.1922763024982785
3.478347588137612  1.2922763024982786
3.478347588137612  1.3922763024982787
3.478347588137612  1.4922763024982788
3.478347588137612  1.5922763024982787
3.478347588137612  1.6922763024982785
3.478347588137612  1.7922763024982786
3.478347588137612  1.8922763024982787
3.478347588137612  1.9922763024982788
3.478347588137612  2.092276302498279
3.478347588137612  2.1922763024982785
3.478347588137612  2.2922763024982786
3.478347588137612  2.3922763024982787
3.478347588137612  2.492276302498279
3.578347588137612  0.6922763024982785
3.578347588137612  0.7922763024982786
3.578347588137612  0.8922763024982786
3.578347588137612  0.9922763024982786
3.578347588137612  1.0922763024982787
3.578347588137612  1.1922763024982785
3.578347588137612  1.2922763024982786
3.578347588137612  1.3922763024982787
3.578347588137612  1.4922763024982788
3.578347588137612  1.5922763024982787
3.578347588137612  1.6922763024982785
3.578347588137612  1.7922763024982786
3.578347588137612  1.8922763024982787
3.578347588137612  1.9922763024982788
3.578347588137612  2.092276302498279
3.578347588137612  2.1922763024982785
3.578347588137612  2.2922763024982786
3.578347588137612  2.3922763024982787
3.578347588137612  2.492276302498279
3.678347588137612  0.6922763024982785
3.678347588137612  0.7922763024982786
3.678347588137612  0.8922763024982786
3.678347588137612  0.9922763024982786
3.678347588137612  1.0922763024982787
3.678347588137612  1.1922763024982785
3.678347588137612  1.2922763024982786
3.678347588137612  1.3922763024982787
3.678347588137612  1.4922763024982788
3.678347588137612  1.5922763024982787
3.678347588137612  1.6922763024982785
3.678347588137612  1.7922763024982786
3.678347588137612  1.8922763024982787
3.678347588137612  1.9922763024982788
3.678347588137612  2.092276302498279
3.678347588137612  2.1922763024982785
3.678347588137612  2.2922763024982786
3.678347588137612  2.3922763024982787
3.678347588137612  2.492276302498279
3.7783475881376116  0.6922763024982785
3.7783475881376116  0.7922763024982786
3.7783475881376116  0.8922763024982786
3.7783475881376116  0.9922763024982786
3.7783475881376116  1.0922763024982787
3.7783475881376116  1.1922763024982785
3.7783475881376116  1.2922763024982786
3.7783475881376116  1.3922763024982787
3.7783475881376116  1.4922763024982788
3.7783475881376116  1.5922763024982787
3.7783475881376116  1.6922763024982785
3.7783475881376116  1.7922763024982786
3.7783475881376116  1.8922763024982787
3.7783475881376116  1.9922763024982788
3.7783475881376116  2.092276302498279
3.7783475881376116  2.1922763024982785
3.7783475881376116  2.2922763024982786
3.7783475881376116  2.3922763024982787
3.7783475881376116  2.492276302498279
3.8783475881376117  0.6922763024982785
3.8783475881376117  0.7922763024982786
3.8783475881376117  0.8922763024982786
3.8783475881376117  0.9922763024982786
3.8783475881376117  1.0922763024982787
3.8783475881376117  1.1922763024982785
3.8783475881376117  1.2922763024982786
3.8783475881376117  1.3922763024982787
3.8783475881376117  1.4922763024982788
3.8783475881376117  1.5922763024982787
3.8783475881376117  1.6922763024982785
3.8783475881376117  1.7922763024982786
3.8783475881376117  1.8922763024982787
3.8783475881376117  1.9922763024982788
3.8783475881376117  2.092276302498279
3.8783475881376117  2.1922763024982785
3.8783475881376117  2.2922763024982786
3.8783475881376117  2.3922763024982787
3.8783475881376117  2.492276302498279
3.978347588137612  0.6922763024982785
3.978347588137612  0.7922763024982786
3.978347588137612  0.8922763024982786
3.978347588137612  0.9922763024982786
3.978347588137612  1.0922763024982787
3.978347588137612  1.1922763024982785
3.978347588137612  1.2922763024982786
3.978347588137612  1.3922763024982787
3.978347588137612  1.4922763024982788
3.978347588137612  1.5922763024982787
3.978347588137612  1.6922763024982785
3.978347588137612  1.7922763024982786
3.978347588137612  1.8922763024982787
3.978347588137612  1.9922763024982788
3.978347588137612  2.092276302498279
3.978347588137612  2.1922763024982785
3.978347588137612  2.2922763024982786
3.978347588137612  2.3922763024982787
3.978347588137612  2.492276302498279
4.078347588137612  0.6922763024982785
4.078347588137612  0.7922763024982786
4.078347588137612  0.8922763024982786
4.078347588137612  0.9922763024982786
4.078347588137612  1.0922763024982787
4.078347588137612  1.1922763024982785
4.078347588137612  1.2922763024982786
4.078347588137612  1.3922763024982787
4.078347588137612  1.4922763024982788
4.078347588137612  1.5922763024982787
4.078347588137612  1.6922763024982785
4.078347588137612  1.7922763024982786
4.078347588137612  1.8922763024982787
4.078347588137612  1.9922763024982788
4.078347588137612  2.092276302498279
4.078347588137612  2.1922763024982785
4.078347588137612  2.2922763024982786
4.078347588137612  2.3922763024982787
4.078347588137612  2.492276302498279
4.178347588137612  0.6922763024982785
4.178347588137612  0.7922763024982786
4.178347588137612  0.8922763024982786
4.178347588137612  0.9922763024982786
4.178347588137612  1.0922763024982787
4.178347588137612  1.1922763024982785
4.178347588137612  1.2922763024982786
4.178347588137612  1.3922763024982787
4.178347588137612  1.4922763024982788
4.178347588137612  1.5922763024982787
4.178347588137612  1.6922763024982785
4.178347588137612  1.7922763024982786
4.178347588137612  1.8922763024982787
4.178347588137612  1.9922763024982788
4.178347588137612  2.092276302498279
4.178347588137612  2.1922763024982785
4.178347588137612  2.2922763024982786
4.178347588137612  2.3922763024982787
4.178347588137612  2.492276302498279
4.278347588137612  0.6922763024982785
4.278347588137612  0.7922763024982786
4.278347588137612  0.8922763024982786
4.278347588137612  0.9922763024982786
4.278347588137612  1.0922763024982787
4.278347588137612  1.1922763024982785
4.278347588137612  1.2922763024982786
4.278347588137612  1.3922763024982787
4.278347588137612  1.4922763024982788
4.278347588137612  1.5922763024982787
4.278347588137612  1.6922763024982785
4.278347588137612  1.7922763024982786
4.278347588137612  1.8922763024982787
4.278347588137612  1.9922763024982788
4.278347588137612  2.092276302498279
4.278347588137612  2.1922763024982785
4.278347588137612  2.2922763024982786
4.278347588137612  2.3922763024982787
4.278347588137612  2.492276302498279